      0/99       13G   0.06957   0.01527   0.04007    0.1249        54       640         0         0         0         0   0.09823   0.02024   0.04001
      1/99       13G   0.06688   0.01254   0.03868    0.1181        68       640         0         0         0         0   0.09538   0.01998   0.03923
      2/99     13.8G   0.06449   0.01243   0.03731    0.1142        72       640         0         0         0         0   0.09329   0.01995   0.03846
      3/99     13.8G   0.06355   0.01196   0.03582    0.1113        68       640         0         0         0         0   0.09364   0.01961   0.03769
      4/99     13.8G   0.06171   0.01181   0.03454    0.1081        67       640  0.001012   0.01218 8.861e-05 1.161e-05   0.08923   0.02019    0.0368
      5/99     13.8G   0.06139   0.01187   0.03274     0.106        52       640  0.001545    0.2944  0.003023 0.0005657   0.09543   0.01834   0.03601
      6/99     13.8G   0.06171   0.01175   0.03132    0.1048        43       640   0.00289     0.343  0.005698 0.0008653    0.0912   0.01954   0.03566
      7/99     13.8G   0.06059   0.01187   0.03055     0.103        59       640    0.1129    0.3366   0.03895   0.01341   0.08553   0.02099   0.03575
      8/99     13.8G   0.05867   0.01175   0.02962       0.1        62       640    0.3695    0.1998   0.07671   0.03017   0.08483   0.01942    0.0366
      9/99     13.8G   0.05932    0.0113   0.02957    0.1002        46       640    0.5158    0.1521    0.1013   0.04391   0.08507   0.01909   0.03552
     10/99     13.8G   0.05813   0.01073   0.02926   0.09812        47       640    0.5025    0.1801    0.1085   0.05209   0.07878   0.01989   0.03519
     11/99     13.8G   0.05676   0.01037   0.02805   0.09518        69       640    0.3963    0.2696    0.1135   0.05279     0.084   0.01731   0.03478
     12/99     13.8G   0.05444   0.01001   0.02697   0.09142        57       640    0.5162    0.1853    0.1364    0.0536   0.08454   0.01715   0.03422
     13/99     13.8G   0.05476   0.00961   0.02583    0.0902        68       640    0.5656    0.1916    0.1825   0.07549   0.08209   0.01672   0.03417
     14/99     13.8G   0.05296  0.009829   0.02509   0.08788        57       640    0.6201    0.1764    0.1754   0.07963   0.07965   0.01644   0.03358
     15/99     13.8G   0.05254  0.009634   0.02381   0.08599        54       640    0.5514    0.1677    0.1382   0.05699   0.08277   0.01615     0.035
     16/99     13.8G   0.05035  0.009465   0.02336   0.08319        54       640    0.4945    0.2929    0.1931    0.1064   0.07624   0.01659    0.0341
     17/99     13.8G   0.04853  0.009278   0.02188   0.07969        46       640    0.6512     0.245    0.2809    0.1408   0.07439   0.01529   0.03222
     18/99     13.8G   0.04749  0.009291   0.02062    0.0774        52       640    0.5251    0.3611    0.3569     0.185   0.07051   0.01616    0.0321
     19/99     13.8G    0.0464   0.00903   0.02015   0.07559        49       640    0.4702    0.3838    0.3356    0.1836   0.07319     0.016    0.0321
     20/99     13.8G   0.04436  0.008742   0.01843   0.07153        41       640    0.5534    0.3209    0.3952    0.1981   0.07054   0.01507   0.03063
     21/99     13.8G     0.044  0.008454   0.01778   0.07023        45       640    0.6967    0.3347    0.4278    0.2423   0.06732   0.01525   0.02974
     22/99     13.8G   0.04333  0.008557   0.01643   0.06832        47       640    0.6161    0.5253    0.4857    0.2585   0.06926   0.01475   0.02968
     23/99     13.8G   0.04326  0.008335   0.01479   0.06639        72       640    0.6935     0.536    0.5321     0.302   0.06754   0.01491   0.02637
     24/99     13.8G   0.04415  0.008105   0.01429   0.06654        52       640     0.656    0.6124    0.5764    0.3244   0.06758   0.01459   0.02581
     25/99     13.8G   0.04279  0.008154   0.01273   0.06367        59       640    0.6969    0.4811    0.5156    0.2873   0.06766   0.01582   0.02617
     26/99     13.8G   0.04221    0.0078    0.0119   0.06191        45       640    0.7137      0.52    0.5387    0.2998   0.06665   0.01545   0.02538
     27/99     13.8G   0.04065  0.007699   0.01087   0.05922        61       640    0.8968    0.5039    0.5984    0.3486   0.06645   0.01501   0.02347
     28/99     13.8G   0.04158  0.007535   0.01023   0.05934        50       640    0.8092    0.5334    0.6168    0.3464   0.06808   0.01447   0.02388
     29/99     13.1G   0.04021  0.007368  0.009193   0.05677        54       640    0.7852    0.5605    0.6297    0.3627   0.06667    0.0154   0.02273
     30/99       13G   0.04045  0.007014  0.009184   0.05665        68       640     0.829    0.5746    0.6613    0.3729   0.06519   0.01532    0.0227
     31/99     13.8G   0.03908  0.007206  0.007866   0.05415        72       640    0.7335    0.6281    0.6756    0.3813   0.06591     0.015   0.02317
     32/99     13.8G      0.04  0.007052  0.008151   0.05521        68       640     0.805    0.5747    0.6601    0.3729   0.06661    0.0153   0.02337
     33/99     13.8G   0.03882   0.00672  0.007277   0.05282        67       640     0.767    0.6242    0.6548    0.4002   0.06602   0.01496   0.02207
     34/99     13.8G   0.03928  0.006662  0.007308   0.05325        52       640    0.7657    0.6281    0.6418    0.3968   0.06482   0.01518   0.02179
     35/99       13G   0.03709  0.006708  0.006147   0.04994        54       640    0.7716    0.6528    0.6618    0.4003   0.06468   0.01486   0.02059
     36/99     12.9G   0.03654  0.006341  0.006074   0.04896        68       640     0.806    0.6228    0.6976    0.4039   0.06466   0.01573   0.02053
     37/99     13.7G    0.0355  0.006601  0.005444   0.04754        72       640    0.8089    0.6441    0.7031    0.4318   0.06315   0.01479   0.02071
     38/99     13.7G   0.03638  0.006491  0.005722   0.04859        68       640    0.8826    0.6104     0.698    0.4174   0.06504   0.01459   0.02055
     39/99     13.7G   0.03658  0.006258  0.005674   0.04851        67       640    0.7599    0.6438    0.6785     0.418   0.06431   0.01519   0.01989
     40/99     13.7G   0.03579  0.006323  0.005497   0.04761        52       640    0.7485    0.6556    0.6658     0.409   0.06386   0.01555   0.02107
     41/99     13.7G   0.03717  0.006211   0.00535   0.04873        43       640    0.7454     0.662    0.7193    0.4286   0.06372   0.01478   0.01987
     42/99     13.7G   0.03624  0.006381  0.005797   0.04842        59       640    0.8726     0.643    0.7106    0.4419    0.0639   0.01433   0.01908
     43/99     13.7G   0.03553  0.006282  0.005331   0.04714        62       640    0.8295    0.6572    0.7158    0.4478   0.06283   0.01446   0.02024
     44/99     13.7G   0.03649   0.00627  0.005246   0.04801        46       640    0.9329    0.6058    0.6981    0.4255   0.06251   0.01463   0.01931
     45/99     13.7G   0.03595  0.006166  0.005075   0.04719        47       640    0.8902    0.6568    0.7155    0.4345   0.06229   0.01462   0.01967
     46/99     13.7G   0.03544  0.006225  0.004961   0.04662        69       640    0.8329     0.663    0.7024    0.4293   0.06172   0.01523   0.01898
     47/99     13.7G   0.03388  0.006149  0.004726   0.04476        57       640    0.8743    0.5683    0.6942    0.4271   0.06183   0.01488   0.02043
